-0.065749500083992,-2.04093161071169,0.00975886742585283,0.001,0.00178476999536998,338.2
-0.0671735628734706,-2.04092275612371,0.00987700190421202,0.011,0.019479448063518,338.2
-0.068727650908907,-2.04089741350692,0.00999854259187138,0.021,0.0369004232563622,338.2
-0.0703444973998563,-2.04085418686748,0.0101236600978142,0.031,0.0540539973269791,338.2
-0.0720197827918559,-2.04079155649215,0.0102525377198048,0.041,0.0709462800458799,338.2
-0.0737539675263979,-2.04070786622982,0.0103853727183059,0.051,0.0875831964566721,338.2
-0.0755489376773278,-2.04060130921072,0.0105223777532702,0.061,0.103970493805132,338.2
-0.0774072655364717,-2.04046991177234,0.0106637825093693,0.071,0.120113748158709,338.2
-0.0793319785160654,-2.0403115153203,0.0108098355400199,0.081,0.136018370732479,338.2
-0.081326478742229,-2.04012375580292,0.0109608063664354,0.091,0.151689613936621,338.2
-0.0833945203144003,-2.03990404041809,0.0111169878751225,0.101,0.167132577159622,338.2
-0.0855402136181901,-2.03964952109742,0.0112786990661238,0.111,0.182352212300571,338.2
-0.0877680451120254,-2.03935706422226,0.0114462882153253,0.121,0.197353329063172,338.2
-0.0900829079566064,-2.03902321591395,0.0116201365279135,0.131,0.212140600023343,338.2
-0.0924901418014089,-2.03864416210149,0.0118006623773609,0.141,0.226718565481637,338.2
-0.0949955814969238,-2.03821568239457,0.0119883262462172,0.151,0.241091638111054,338.2
-0.0976056153667713,-2.03773309656884,0.012183636512899,0.161,0.255264107410248,338.2
-0.100327254318206,-2.03719120218896,0.012387156264544,0.171,0.269240143971572,338.2
-0.103168213667154,-2.03658420153286,0.0125995113624875,0.181,0.283023803572871,338.2
-0.106137010206879,-2.0359056155126,0.0128214000477066,0.191,0.296619031101464,338.2
-0.109243077837331,-2.03514818167329,0.0130536044538355,0.201,0.31002966431829,338.2
-0.112496906077466,-2.03430373254083,0.0132970045024179,0.211,0.323259437469759,338.2
-0.115910207107773,-2.0333630495046,0.013552594799502,0.221,0.336311984754447,338.2
-0.119496118775557,-2.03231568595243,0.0138215053499182,0.231,0.349190843651408,338.2
-0.123269453444596,-2.03114975136092,0.0141050271784955,0.241,0.361899458116484,338.2
-0.127247005986622,-2.02985164523923,0.0144046443305807,0.251,0.3744411816527,338.2
-0.131447939057209,-2.02840572585869,0.0147220742705727,0.261,0.386819280260483,338.2
-0.13589427079541,-2.02679389299195,0.0150593194899693,0.271,0.399036935273164,338.2
-0.140611500388934,-2.02499505551031,0.0154187343091125,0.281,0.411097246082919,338.2
-0.145629422446577,-2.02298444213298,0.0158031126288985,0.291,0.42300323276208,338.2
-0.150983205005157,-2.02073269434435,0.0162158051313322,0.301,0.434757838584448,338.2
-0.156714843813308,-2.01820465008483,0.016660878788408,0.311,0.446363932451045,338.2
-0.162875167265756,-2.01535767735288,0.0171433386874145,0.321,0.457824311224501,338.2
-0.16952667073876,-2.01213933350569,0.0176694443187739,0.331,0.469141701976058,338.2
-0.176747642897867,-2.00848397976439,0.0182471739387998,0.341,0.480318764149,338.2
-0.18463838614297,-2.00430771110927,0.0188869304433938,0.351,0.491358091642091,338.2
-0.19333099758427,-1.99950043676481,0.0196026604090964,0.361,0.502262214816475,338.2
-0.203005569594438,-1.99391284949169,0.0204137226506493,0.371,0.513033602429275,338.2
-0.213918853212885,-1.9873335222172,0.0213482208096637,0.381,0.523674663497011,338.2
-0.226459569399818,-1.97944500099773,0.0224494855938585,0.391,0.534187749091792,338.2
-0.241268768447272,-1.96972888502856,0.023790293362713,0.401,0.544575154073077,338.2
-0.259553398336394,-1.95722016144843,0.0255102111346205,0.411,0.554839118757708,338.2
-0.284201974590491,-1.9396391284703,0.0279496112581429,0.421,0.56498183053075,338.2
-0.328924598350964,-1.90634021252966,0.0327594389833098,0.431,0.575005425399582,338.2
-2.48208384274035,-1.24017554327645,0.621653421045276,0.441,0.584911989493549,338.2
-2.4822299870329,-1.2400584463134,0.62229162052814,0.451,0.594703560511393,338.2
-2.48217605906562,-1.24010419550397,0.622850950003304,0.461,0.604382129118575,338.2
-2.48193673558527,-1.24031357793273,0.623336098588654,0.471,0.613949640296486,338.2
-2.48152548740439,-1.2406876807777,0.623751423164514,0.481,0.623407994645489,338.2
-2.48095468847652,-1.24122790540326,0.624100979058419,0.491,0.632759049643605,338.2
-2.48023571268382,-1.24193598411987,0.624388547196155,0.501,0.642004620862612,338.2
-2.47937901999892,-1.24281399972545,0.624617658207498,0.511,0.651146483143214,338.2
-2.47839423341969,-1.24386440799968,0.624791613896838,0.521,0.660186371730885,338.2
-2.47729020786012,-1.24509006338051,0.624913506424725,0.531,0.66912598337392,338.2
-2.47607509200263,-1.24649424811371,0.624986235493656,0.541,0.677966977385139,338.2
-2.47475638396962,-1.24808070523326,0.62501252378774,0.551,0.686710976668653,338.2
-2.47334098154947,-1.24985367580524,0.624994930879633,0.561,0.695359568713014,338.2
-2.47183522760935,-1.25181794095305,0.624935865787778,0.571,0.70391430655204,338.2
-2.47024495124102,-1.25397886928044,0.62483759834163,0.581,0.712376709694524,338.2
-2.46857550511251,-1.25634247042355,0.62470226949108,0.591,0.720748265023995,338.2
-2.46683179943716,-1.25891545559931,0.624531900678212,0.601,0.729030427669669,338.2
-2.46501833291883,-1.26170530617967,0.624328402374151,0.611,0.737224621849636,338.2
-2.46313922098683,-1.26472035151497,0.624093581870664,0.621,0.745332241687324,338.2
-2.46119822159633,-1.26796985746527,0.623829150404955,0.631,0.753354652002225,338.2
-2.45919875883593,-1.27146412738315,0.623536729686546,0.641,0.761293189075816,338.2
-2.45714394455653,-1.27521461764157,0.623217857886799,0.651,0.769149161393582,338.2
-2.45503659821001,-1.27923407022958,0.622873995144555,0.661,0.776923850364008,338.2
-2.45287926506542,-1.2835366654713,0.622506528635156,0.671,0.784618511015368,338.2
-2.45067423295125,-1.2881381985869,0.622116777244777,0.681,0.792234372671109,338.2
-2.44842354765608,-1.29305628464614,0.621705995887307,0.691,0.799772639604586,338.2
-2.44612902710606,-1.29831059751626,0.621275379496954,0.701,0.80723449167389,338.2
-2.44379227442411,-1.30392314974217,0.62082606672619,0.711,0.814621084937471,338.2
-2.44141468996595,-1.30991862201054,0.620359143375507,0.721,0.821933552251218,338.2
-2.43899748241713,-1.31632475306296,0.619875645578742,0.731,0.829173003847664,338.2
-2.43654167902749,-1.32317280380836,0.619376562765254,0.741,0.836340527897915,338.2
-2.43404813505111,-1.33049811317932,0.618862840418166,0.751,0.843437191056928,338.2
-2.43151754245349,-1.3383407683165,0.618335382645935,0.761,0.85046403899268,338.2
-2.42895043794155,-1.3467464184305,0.617795054582872,0.771,0.857422096899806,338.2
-2.4263472103662,-1.35576727087363,0.617242684632734,0.781,0.864312369998224,338.2
-2.42370810754304,-1.36546332057606,0.616679066568197,0.791,0.871135844017257,338.2
-2.42103324253166,-1.37590388157916,0.61610496149781,0.801,0.877893485665738,338.2
-2.41832259941085,-1.38716951423899,0.615521099711026,0.811,0.884586243088585,338.2
-2.41557603858258,-1.39935447733203,0.614928182410913,0.821,0.891215046310276,338.2
-2.41279330163534,-1.41256988638416,0.614326883343351,0.831,0.897780807665675,338.2
-2.40997401579381,-1.42694783709864,0.61371785033072,0.841,0.904284422218631,338.2
-2.40711769797934,-1.44264687070582,0.613101706717466,0.851,0.910726768168733,338.2
-2.40422375850368,-1.45985934171965,0.61247905273425,0.861,0.917108707246635,338.2
-2.40129150441549,-1.47882154225754,0.611850466786904,0.871,0.92343108509831,338.2
-2.39832014251786,-1.49982792093532,0.611216506675897,0.881,0.929694731658589,338.2
-2.39530878207246,-1.52325155924466,0.610577710751541,0.891,0.935900461514347,338.2
-2.39225643720479,-1.54957453103783,0.609934599009844,0.901,0.942049074257655,338.2
-2.38916202902301,-1.57943448603864,0.60928767413347,0.911,0.948141354829227,338.2
-2.38602438746141,-1.61369911909302,0.608637422481991,0.921,0.954178073852474,338.2
-2.382842252858,-1.65359131396647,0.60798431503533,0.931,0.960159987958449,338.2
-2.37961427727482,-1.70091295436708,0.607328808293993,0.941,0.966087840102,338.2
-2.37633902556732,-1.75847853973577,0.606671345139478,0.951,0.971962359869368,338.2
-2.3730149762092,-1.83105030882383,0.606012355658026,0.961,0.97778426377754,338.2
-2.36964052187644,-1.92768683479081,0.605352257930709,0.971,0.983554255565578,338.2
-2.36621396979437,-2.06923311838532,0.604691458792627,0.981,0.989273026478204,338.2
-2.36273354184973,-2.32606808262127,0.604030354563905,0.991,0.99494125554185,338.2
